23423.274666666668 26.108
35430.57066666667 22.073000000000004
35430.57066666667 22.073000000000004
33755.072 22.973
24648.27733333333 25.939000000000004
25665.079999999998 25.099
32674.197333333334 24.289
33443.903999999995 23.273
29931.67466666667 24.473
32674.197333333334 24.289
25665.079999999998 25.099
28417.706666666665 24.923
28749.784000000003 24.736
28417.706666666665 24.923000000000002
33443.903999999995 23.273
33753.23733333333 23.086000000000002
23423.274666666668 26.108
24351.648000000005 26.048
29011.960000000003 24.529
29931.67466666667 24.473
24351.648000000005 26.048
24648.27733333333 25.939000000000004
28749.853333333336 24.623
29011.960000000003 24.529
33753.23733333333 23.086000000000002
33755.072 22.973
28749.784000000003 24.736
28749.853333333336 24.623
23423.274666666668 26.108
23423.274666666668 26.108
23423.274666666668 26.108
23423.274666666668 26.108
23423.274666666668 26.108
23423.274666666668 26.108
23423.274666666668 26.108
23423.274666666668 26.108
23423.274666666668 26.108
23423.274666666668 26.108
23423.274666666668 26.108
23423.274666666668 26.108
23423.274666666668 26.108
23423.274666666668 26.108
23423.274666666668 26.108
23423.274666666668 26.108
23423.274666666668 26.108
23423.274666666668 26.108
23423.274666666668 26.108
23423.274666666668 26.108
23423.274666666668 26.108
23423.274666666668 26.108
23423.274666666668 26.108
23423.274666666668 26.108
23423.274666666668 26.108
23423.274666666668 26.108
23423.274666666668 26.108
23423.274666666668 26.108
23423.274666666668 26.108
23423.274666666668 26.108
23423.274666666668 26.108
23423.274666666668 26.108
23423.274666666668 26.108
23423.274666666668 26.108
23423.274666666668 26.108
23423.274666666668 26.108
23423.274666666668 26.108
24351.648000000005 26.048
24648.27733333333 25.939000000000004
25665.079999999998 25.099
25665.079999999998 25.099
28417.706666666665 24.923
28417.706666666665 24.923
29011.960000000003 24.529
29011.960000000003 24.529
32674.197333333334 24.289
33443.903999999995 23.273
33443.903999999995 23.273
33755.072 22.973
33755.072 22.973
33755.072 22.973
35430.57066666667 22.073
